 L      P        D
------------------
132.86 142.85    1
128.08 121.83    1
132.72 119.88    1
132.32 126.82    1
144.44 108.90    0
139.73 122.45    0
130.35 139.24    1
140.54 118.64    0
130.60 122.78    1
137.86 76.24     1
141.64 125.86    0
131.70 124.43    1
131.65 113.90    1
140.98 120.50    0
129.90 143.05    1
143.58 122.79    0
133.01 119.81    1
138.07 130.84    0
140.16 117.52    0
135.95 98.08     0
136.83 127.46    1
137.12 147.94    1
138.69 114.43    0
123.96 147.12    1
135.12 128.58    1
139.29 129.24    0
127.42 136.95    1
138.82 113.24    0
128.81 114.00    1
127.51 123.64    1
137.29 100.69    0
142.60 116.90    0
128.75 95.83     1
136.11 147.48    1
127.37 143.82    1
140.03 120.80    0
138.86 123.32    0
132.28 118.97    1
137.23 146.58    1
130.88 147.95    1
140.10 126.91    1
138.49 152.36    1
131.23 90.32     1
141.71 122.17    0
133.23 88.06     1
139.07 132.42    0
139.06 126.74    0
129.83 127.62    1
130.57 139.55    1
141.13 110.91    0
139.52 142.47    1
141.13 120.99    0
130.95 124.13    1
138.41 115.55    0
123.57 128.72    1
136.84 114.42    0
131.52 141.45    1
144.90 114.92    0
139.68 142.86    1
135.21 90.68     1
140.12 152.85    1
140.39 132.50    1
132.97 140.66    1
131.76 147.09    1
137.17 101.67    0
128.27 108.59    1
138.40 129.73    0
127.07 105.22    1
129.06 127.81    1
133.80 131.17    1
135.43 124.13    1
129.64 143.99    1
128.75 143.34    1
134.83 114.26    1
128.35 115.01    1
138.22 191.73    1
134.74 145.70    1
145.46 137.33    1
128.36 123.17    1
142.28 109.38    0
135.30 136.39    1
127.55 110.58    1
137.83 115.45    0
137.24 114.12    0
134.81 136.99    1
138.08 130.60    1
140.55 136.91    1
133.84 138.25    1
141.19 115.81    0
140.42 120.48    0
132.77 111.28    1
130.12 172.78    1
137.45 108.55    0
130.23 160.03    1
130.42 123.18    1
131.82 151.56    1
132.12 154.82    1
128.63 141.06    1
139.84 130.78    1
136.57 138.51    1
132.02 118.13    1
142.00 112.59    0
139.94 129.54    0
141.31 143.03    1
133.69 133.63    1
138.97 131.38    0
122.46 113.91    1
134.66 146.22    1
141.15 120.77    0
137.92 105.10    0
133.78 120.64    1
136.51 137.66    1
134.31 126.89    1
138.75 105.56    1
136.61 143.10    1
135.30 137.90    1
138.99 115.02    1
129.61 141.61    1
141.56 115.83    0
135.82 145.33    1
131.44 123.47    1
142.06 113.67    0
134.82 138.97    1
130.52 129.68    1
129.66 161.58    1
135.41 129.54    1
137.09 125.77    0
139.03 107.85    1
129.75 133.85    1
129.06 153.66    1
133.71 103.02    1
130.67 146.33    1
133.98 142.85    1
132.98 151.21    1
138.03 118.29    0
140.96 97.00     0
139.85 121.75    0
129.03 111.94    1
139.72 121.72    0
140.52 132.61    0
128.50 116.44    1
132.66 147.82    1
133.07 154.05    1
139.24 132.35    0
124.93 135.70    1
127.56 119.92    1
131.49 132.12    1
136.78 120.65    1
132.11 135.41    1
136.61 129.62    1
128.28 120.47    1
131.27 148.86    1
129.80 120.42    1
141.47 126.29    0
130.55 103.41    1
134.88 125.66    1
128.03 144.84    1
132.24 126.00    1
130.70 124.73    1
127.92 130.79    1
141.15 120.88    0
139.25 102.47    0
138.21 120.91    0
128.83 129.35    1
128.75 139.83    1
143.03 127.65    0
133.13 128.64    1
135.15 124.81    1
134.76 126.44    1
132.37 128.05    1
134.67 140.50    1
135.00 143.18    1
142.19 130.09    0
133.62 126.61    1
137.98 131.22    0
143.04 107.49    1
141.29 118.11    0
129.52 126.28    1
127.34 133.86    1
132.45 152.31    1
128.95 115.28    1
139.12 129.29    0
131.23 126.64    1
137.96 114.98    0
140.98 124.97    0
137.25 100.70    1
139.13 119.92    0
133.21 114.95    1
132.75 119.86    1
133.61 142.29    1
130.79 130.24    1
139.92 129.49    0
133.13 154.00    1
130.94 122.71    1
135.02 125.96    0
137.60 118.35    0
129.10 141.97    1
126.44 111.85    1
131.57 132.54    1
138.46 116.06    0
134.50 102.91    1
136.32 122.46    0
131.78 153.32    1
138.21 121.08    0
140.55 138.00    1
129.95 120.10    1
140.98 110.53    0
125.41 115.21    1
130.92 108.17    1
136.71 115.63    1
130.95 104.19    1
138.98 128.33    1
134.48 143.77    1
135.48 117.32    0
140.76 129.77    0
127.40 141.28    1
142.57 131.43    0
136.70 146.11    1
131.81 152.19    1
138.54 118.43    0
145.16 125.60    0
137.50 116.30    0
130.93 117.80    1
143.08 126.85    0
128.88 146.35    1
134.53 124.63    1
142.31 118.37    0
138.44 126.30    1
131.43 95.75     1
140.74 114.78    0
130.30 138.37    1
134.44 137.17    1
127.76 123.16    1
130.90 133.94    1
141.87 135.77    0
133.21 156.31    1
139.53 130.51    0
131.79 163.34    1
134.14 134.23    1
142.89 125.38    0
135.77 131.93    1
133.85 132.08    1
134.41 141.61    1
131.26 156.47    1
143.62 108.36    0
134.52 143.07    1
129.12 148.32    1
138.43 130.15    1
131.66 134.54    1
127.30 127.25    1
135.40 159.99    1
137.75 144.48    1
130.78 124.50    1
140.90 107.88    0
129.25 142.89    1
137.77 151.47    1
135.79 116.24    1
131.24 135.45    1
130.56 105.43    1
132.05 136.12    1
128.85 107.29    1
141.65 119.60    0
128.54 112.87    1
129.92 122.55    1
128.16 149.48    1
141.14 123.85    0
138.47 124.95    0
138.23 129.64    0
135.75 141.90    1
137.63 109.63    0
144.07 116.75    0
128.33 120.30    1
129.65 152.11    1
129.60 119.23    1
141.15 124.17    0
140.74 129.63    0
130.71 138.76    1
140.12 132.73    1
139.89 149.35    1
131.68 114.81    1
127.20 131.27    1
134.15 152.24    1
137.32 117.50    0
132.07 128.66    1
126.84 104.07    1
135.82 120.20    1
144.19 124.49    0
136.45 125.08    1
130.99 127.42    1
129.35 142.45    1
128.73 164.10    1
131.42 165.63    1
131.84 134.68    1
135.97 125.53    1
131.13 120.42    1
130.83 136.20    1
130.94 95.61     1
141.28 124.72    0
130.77 136.00    1
141.91 114.70    0
